lr: 1.7469610514567088e-05
gamma: 0.9172038941887517
eps_clip: 0.1917803954582645
action_std: 0.7911113806445242
k_epochs: 51
