lr: 4.351179492518132e-05
gamma: 0.934235532329172
eps_clip: 0.11588407012295612
action_std: 0.9569354307168241
k_epochs: 35
