lr: 0.00012325401965061208
gamma: 0.9393686809902091
eps_clip: 0.10967956391606591
action_std: 0.4560124362236185
k_epochs: 48
