lr: 1.0716860230790138e-05
gamma: 0.9727304393532606
eps_clip: 0.29023878971892525
action_std: 0.8101663730561737
k_epochs: 33
