lr: 0.00042795670887961083
gamma: 0.9711984246821588
eps_clip: 0.24580677114155294
action_std: 0.9841255226113188
k_epochs: 75
