lr: 1.7230672194724832e-05
gamma: 0.9679057337824523
eps_clip: 0.2131867145697108
action_std: 0.770568208114433
k_epochs: 67
