lr: 8.391994276856259e-05
gamma: 0.955745043361795
eps_clip: 0.1336108281711931
action_std: 0.9569696431119021
k_epochs: 60
