lr: 1.7604976968249928e-05
gamma: 0.9482277072318086
eps_clip: 0.2197583157333265
action_std: 0.6373809401239189
k_epochs: 69
