lr: 3.513789554809883e-05
gamma: 0.9822598017550239
eps_clip: 0.2690866544159269
action_std: 0.8334627742938513
k_epochs: 64
