lr: 8.100967456787833e-05
gamma: 0.9805253672251437
eps_clip: 0.275632022448646
action_std: 0.9804764021792145
k_epochs: 45
