lr: 0.00041256941160352156
gamma: 0.9927644740022871
eps_clip: 0.21280892934464035
action_std: 0.5751489520651074
k_epochs: 26
