lr: 3.026770062792491e-05
gamma: 0.919994714007425
eps_clip: 0.23704006691455437
action_std: 0.693421276234391
k_epochs: 68
