lr: 0.0009962536572507676
gamma: 0.9049590082170301
eps_clip: 0.23274721867969944
action_std: 0.6393287527158658
k_epochs: 80
