lr: 0.00023403953955381727
gamma: 0.9725321522534466
eps_clip: 0.2759971168369288
action_std: 0.9220390472223069
k_epochs: 53
