Best Trial: 1
Reward: 6.6100

Parameters:
lr: 0.0001064607129097012
gamma: 0.9071458115132522
eps_clip: 0.2378785026457965
action_std: 0.9572618286163246
k_epochs: 60.0
