lr: 7.835680506864746e-05
gamma: 0.9061124320141024
eps_clip: 0.17213727140209406
action_std: 0.8731678597826975
k_epochs: 57
