lr: 0.0002777257916899192
gamma: 0.9451680578420404
eps_clip: 0.15147288303543938
action_std: 0.3913509406043014
k_epochs: 59
