lr: 5.908922293685122e-05
gamma: 0.9198694885767409
eps_clip: 0.2906385481578293
action_std: 0.8857214916524124
k_epochs: 43
