lr: 4.4232252915474e-05
gamma: 0.9832710227827979
eps_clip: 0.275763125142086
action_std: 0.7523413052080152
k_epochs: 54
