lr: 6.356379806060404e-05
gamma: 0.9613528852703982
eps_clip: 0.23071584915914442
action_std: 0.9980749833409572
k_epochs: 74
