lr: 0.00011934195822824573
gamma: 0.9797204140728544
eps_clip: 0.2572221264032081
action_std: 0.914317762545628
k_epochs: 46
