lr: 0.0001613785783696538
gamma: 0.9295415957512211
eps_clip: 0.1671947003802751
action_std: 0.3262807299924839
k_epochs: 10
