lr: 2.2845625775182363e-05
gamma: 0.9586322444768691
eps_clip: 0.26004027174564054
action_std: 0.8611657504109674
k_epochs: 40
