lr: 0.00018738390047704764
gamma: 0.9962226263807368
eps_clip: 0.1917137025692876
action_std: 0.5013107957530626
k_epochs: 18
