lr: 1.0499353979733748e-05
gamma: 0.965827035991668
eps_clip: 0.20652436674003083
action_std: 0.7598568673419042
k_epochs: 66
